3.273 0.954 0.750 0.000 0.000 1.000
3.273 1.238 0.750 0.000 0.000 1.000
3.273 1.521 0.750 0.000 0.000 1.000
3.273 2.477 0.750 0.000 0.000 1.000
3.273 2.761 0.750 0.000 0.000 1.000
3.273 3.045 0.750 0.000 0.000 1.000
1.725 2.476 0.750 0.000 0.000 1.000
1.725 2.760 0.750 0.000 0.000 1.000
1.725 3.044 0.750 0.000 0.000 1.000
1.725 0.953 0.750 0.000 0.000 1.000
1.725 1.237 0.750 0.000 0.000 1.000
1.725 1.521 0.750 0.000 0.000 1.000
3.749 1.264 1.200 -1.000 0.000 0.000
3.749 2.743 1.200 -1.000 0.000 0.000
1.302 2.743 1.200 1.000 0.000 0.000
1.302 1.264 1.200 1.000 0.000 0.000