0.001485
0.001388
0.001116
0.001416
0.001107
0.001054
0.000918
0.001381
0.001458
0.000931
0.000781
0.001339
0.001099
0.001112
0.001185
0.001786
0.000883
0.001245
0.001371
0.001215
0.000948
0.001271
0.001184
0.001285
0.001495
0.001099
0.001006
0.001010
0.000989
0.001443
0.001300
0.001116
0.000935
0.001264
0.001255
0.001349
0.001705
0.001089
0.001538
0.000844
0.001293
0.001023
0.000873
0.001024
0.001036
0.001158
0.001408
0.001588
0.001163
0.001393
0.001290
0.000842
0.001345
0.001050
0.001984
0.001025
0.001528
0.000857
0.000955
0.001574
0.001249
0.001349
0.000819
0.001346
0.001297
0.001787
0.000802
0.001845
0.000817
0.001628
0.002138
0.000884
0.001324
0.001318
0.001001
0.001496
0.000964
0.001850
0.001723
0.001047
0.001790
0.001742
0.001056
0.001471
0.001477
0.001075
0.001330
0.000942
0.000886
0.001454
0.001028
0.001426
0.001770
0.000973
0.001070
0.001255
0.000940
0.001641
0.001095
0.001051
0.000739
0.000848
0.001056
0.001555
0.001565
0.001452
0.000851
0.001217
0.000905
0.001140
0.001547
0.001396
0.001578
0.001288
0.000909
0.001581
0.001056
0.001002
0.000800
0.001063
0.001760
0.000980
0.001383
0.001362
0.001111
0.000960
0.001622
0.001837
0.001708
0.001130
0.001442
0.000972
0.001105
0.001333
0.001237
0.000971
0.001189
0.000857
0.001921
0.001998
0.001835
0.001989
0.001467
0.001410
0.001946
0.001794
0.001314
0.001189
0.000982
0.001366
0.001086
0.001402
0.000961
0.001058
0.001089
0.000820
0.002384
0.001429
0.001796
0.001389
0.000786
0.001716
0.001659
0.001362
0.000861
0.001044
0.000808
0.001111
0.001092
0.001054
0.000887
0.001093
0.001151
0.001198
0.000914
0.001092
0.001191
0.000968
0.001640
0.001691
0.001395
0.001613
0.001113
0.001386
0.001234
0.001324
0.000980
0.001212
0.001117
0.000961
0.001081
0.001213
0.001910
0.001372
0.001316
0.001009
0.001755
0.001205
0.000933
0.000949
0.001008
0.001432
0.001775
0.001086
0.001111
0.001198
0.001345
0.001493
0.000938
0.001075
0.001051
0.002065
0.001086
0.000875
0.001970
0.001115
0.001364
0.001550
0.001565
0.002557
0.001408
0.001103
0.001084
0.001528
0.001100
0.001317
0.000904
0.001282
0.001166
0.001726
0.001585
0.001294
0.001928
0.000873
0.000897
0.001025
0.001401
0.001798
0.001075
0.001365
0.001342
0.001704
0.001404
0.000938
0.001290
0.001624
0.001321
0.001540
0.001246
0.001051
0.001097
0.001249
0.001243
0.001252
0.000981
0.001766
0.001889
0.001235
0.001364
0.001132
0.001411
0.001365
0.001879
0.001349
0.001231
0.001108
0.001073
0.000824
0.001072
0.001620
0.000774
0.001064
0.000966
0.000820
0.001502
0.000806
0.001265
0.001060
0.001357
0.001440
0.001659
0.001374
0.000914
0.001253
0.000923
0.001396
0.001652
0.001638
0.001281
0.001366
0.001927
0.001173
0.000795
0.000877
0.001077
0.001100
0.001633
0.000961
0.000911
0.001349
0.000806
0.001986
0.000938
0.002033
0.001164
0.001509
0.001502
0.002163
0.001025
0.001414
0.000993
0.001821
0.001848
0.001074
0.001406
0.001101
0.001480
0.001929
0.001592
0.001278
0.000809
0.001388
0.001307
0.000888
0.001253
0.000795
0.000865
0.001414
0.000925
0.001452
0.000851
0.001187
0.000917
0.001149
0.001265
0.001620
0.001455
0.001198
0.000914
0.001529
0.000814
0.001392
0.001561
0.002085
0.001019
0.001302
0.001680
0.000876
0.001111
0.000893
0.001478
0.001194
0.001477
0.000910
0.001989
0.000761
0.001524
0.001640
0.001661
0.001370
0.001281
0.002110
0.001224
0.001019
0.001082
0.001563
0.001060
0.001006
0.001533
0.001607
0.001526
0.001378
0.001560
0.001128
0.002307
0.001970
0.001518
0.001240
0.001929
0.001359
0.001840
0.001123
0.001329
0.000756
0.001616
0.001058
0.001321
0.000932
0.001330
0.000884
0.001977
0.000789
0.000922
0.000890
0.001623
0.001308
0.001160
0.001329
0.001718
0.001789
0.001274
0.000835
0.001832
0.000954
0.001591
0.001254
0.000980
0.002456
0.000959
0.001338
0.000827
0.000823
0.000807
0.001140
0.000831
0.000867
0.001438
0.000819
0.001244
0.001509
0.001097
0.001594
0.002409
0.001478
0.001195
0.001062
0.001842
0.001565
0.000918
0.001082
0.001227
0.001403
0.001019
0.001503
0.001121
0.001152
0.000857
0.000951
0.001235
0.001242
0.001372
0.001393
0.001271
0.000810
0.000941
0.001362
0.001354
0.001102
0.001509
0.001098
0.001127
0.001389
0.001037
0.001442
0.001500
0.001599
0.000960
0.001534
0.001462
0.001163
0.001989
0.001380
0.001356
0.000925
0.001554
0.001414
0.001120
0.001828
0.001185
0.001174
0.001133
0.001671
0.001023
0.001036
0.001001
0.001444
0.001795
0.001447
0.001012
0.001529
0.001055
0.001064
0.001544
0.001487
0.001450
0.000977
0.002187
0.001054
0.001480
0.000785
0.002123
0.001118
0.001029
0.001325
0.000821
0.000948
0.000885
0.001078
0.001829
0.001327
0.000953
0.001382
0.000850
0.000941
0.000913
0.000938
0.000922
0.001306
0.000914
0.001234
0.000856
0.001258
0.001902
0.000860
0.001110
0.001395
0.002242
0.001257
0.001217
0.001708
0.000940
0.001105
0.001171
0.001340
0.001375
0.001125
0.001704
0.001731
0.001776
0.001712
0.001339
0.001225
0.001614
0.001177
0.000878
0.002097
0.001348
0.001103
0.001599
0.001168
0.001474
0.001422
0.001042
0.001687
0.001735
0.001856
0.001025
0.001564
0.001343
0.002291
0.001265
0.001114
0.001360
0.001214
0.001787
0.001130
0.000923
0.000900
0.002116
0.001303
0.001073
0.001075
0.000854
0.001164
0.001121
0.000965
0.000817
0.000974
0.000847
0.001353
0.000808
0.000947
0.001561
0.000893
0.001594
0.001365
0.001051
0.001528
0.000870
0.001541
0.000842
0.000942
0.001231
0.001159
0.000966
0.001153
0.001049
0.000894
0.000819
0.001504
0.000879
0.001068
0.000812
0.001018
0.000810
0.000915
0.001049
0.001167
0.000883
0.001130
0.000829
0.001095
0.001582
0.001509
0.000917
0.001201
0.001149
0.001603
0.001406
0.001002
0.001351
0.000915
0.001432
0.001067
0.001234
0.001098
0.000835
0.001493
0.001440
0.001106
0.001041
0.000789
0.001132
0.000853
0.001122
0.001515
0.000849
0.000804
0.001427
0.001545
0.000977
0.001611
0.000741
0.001668
0.001437
0.001317
0.001414
0.002502
0.001031
0.000979
0.001624
0.001031
0.001548
0.001269
0.001068
0.000852
0.002124
0.000881
0.001416
0.000849
0.001380
0.001384
0.001094
0.001693
0.001758
0.001003
0.001420
0.001428
0.001139
0.001132
0.000868
0.001042
0.001269
0.001356
0.001126
0.001232
0.001494
0.001307
0.001560
0.001558
0.001091
0.001182
0.001208
0.001642
0.000982
0.000844
0.001033
0.001247
0.001805
0.000838
0.001243
0.001283
0.001224
0.001131
0.000791
0.001354
0.001504
0.001036
0.000864
0.000822
0.001062
0.000983
0.001254
0.001289
0.001656
0.001130
0.001167
0.001353
0.002372
0.000983
0.000999
0.001391
0.000967
0.001009
0.001442
0.001171
0.001361
0.001737
0.001246
0.001004
0.001917
0.001280
0.001432
0.000858
0.001166
0.001510
0.001242
0.000890
0.001006
0.001577
0.001486
0.001275
0.002006
0.001072
0.001500
0.002205
0.001187
0.001423
0.001506
0.001651
0.001141
0.001077
0.000818
0.000900
0.002108
0.001154
0.001904
0.001328
0.001397
0.002064
0.001909
0.001852
0.001204
0.001311
0.002320
0.001449
0.001281
0.001060
0.001136
0.001032
0.001406
0.001879
0.000799
0.001004
0.001596
0.000843
0.000976
0.001123
0.001879
0.000974
0.001846
0.001832
0.001922
0.001732
0.001800
0.002229
0.001966
0.001095
0.001402
0.001068
0.002025
0.001514
0.001009
0.001037
0.000912
0.001304
0.002194
0.001079
0.001553
0.001616
0.001472
0.001963
0.000810
0.000932
0.001156
0.001016
0.001058
0.000902
0.001184
0.001624
0.001109
0.000900
0.000876
0.001451
0.001253
0.001045
0.000913
0.001541
0.001005
0.002761
0.001732
0.001001
0.001616
0.001615
0.001848
0.000926
0.001816
0.001904
0.001355
0.001062
0.002089
0.001325
0.001244
0.001535
0.001569
0.001240
0.001766
0.001467
0.000870
0.001292
0.000970
0.000979
0.001215
0.000836
0.000959
0.001438
0.001974
0.001426
0.001139
0.001358
0.000982
0.001807
0.001302
0.001061
0.001708
0.002092
0.002256
0.000915
0.001463
0.001013
0.001372
0.002056
0.001737
0.002749
0.001245
0.002754
0.001190
0.001284
0.001559
0.001236
0.001544
0.000836
0.001045
0.001652
0.001096
0.001178
0.002080
0.000864
0.002498
0.001341
0.002192
0.001711
0.002113
0.000850
0.001243
0.001005
0.000956
0.001450
0.000894
0.001242
0.000829
0.001186
0.001210
0.001208
0.000913
0.001421
0.000949
0.000899
0.001596
0.000788
0.001102
0.000841
0.001301
0.001376
0.001285
0.002353
0.001545
0.001051
0.001439
0.000801
0.001108
0.000943
0.000869
0.001106
0.001079
0.001367
0.002034
0.000896
0.002656
0.000929
0.000840
0.001039
0.001749
0.000829
0.001122
0.000766
0.001025
0.000975
0.001617
0.001468
0.000815
0.001339
0.001781
0.001227
0.001586
0.001961
0.001098
0.001216
0.001206
0.001528
0.001266
0.001637
0.000791
0.001420
0.001608
0.000971
0.000910
0.001171
0.001382
0.001257
0.000975
0.001273
0.001185
0.001299
0.000809
0.000807
0.001558
0.001584
0.001380
0.000813
0.001833
0.001323
0.001143
0.000806
0.001268
0.001098
0.001703
0.002569
0.000980
0.000792
0.001535
0.001828
0.001781
0.001381
0.001855
0.001523
0.001810
0.001286
0.001291
0.001249
0.001005
0.000815
0.001291
0.001715
0.001010
0.000917
0.001196
0.001507
0.001055
0.001321
0.001693
0.002012
0.000958
0.001528
0.001778
0.001657
0.001136
0.000850
0.001619
0.001421
0.001111
0.001259
0.001076
0.001586
0.001063
0.001210
0.001555
0.001493
0.002566
0.001973
0.001241
0.002541
0.001451
0.001223
0.000804
0.000886
0.001265
0.001134
0.000808
0.001244
0.000990
0.000900
0.000949
0.001056
0.001532
0.001605
0.000989
0.001610
0.001486
0.001455
0.001472
0.001498
0.001737
0.001197
0.001169
0.001377
0.001729
0.000834
0.001454
0.000958
0.001174
0.000949
0.000904
0.000794
0.001338
0.000840
0.001171
0.001393
0.000856
0.001593
0.001434
0.001271
0.001761
0.001229
0.001072
0.001340
0.001272
0.001295
0.001493
0.001230
0.001129
0.001078
0.001747
0.001168
0.001298
0.001260
0.001653
0.001775
0.000931
0.001954
0.001860
0.001936
0.001721
0.000989
0.000732
0.000823
0.001321
0.002054
0.000985
0.000882
0.001197
0.001800
0.000838
0.001328
0.001430
0.001660
0.000896
0.001502
0.001352
0.000867
0.000937
0.001955
0.001964
0.001334
0.001618
0.001140
0.002030
0.001991
0.002241
0.001134
0.001478
0.001330
0.001987
0.001568
0.001688
0.001674
0.001005
0.001322
0.001778
0.001586
0.001861
0.001287
0.001813
0.001654
0.001322
0.001329
0.001830
0.001327
0.001744
0.001659
0.001540
0.001867
0.001866
0.001537
0.001338
0.001521
0.001646
0.000974
0.001726
0.001592
0.001300
0.001975
0.001914
0.001254
0.001338
0.000998
0.001635
0.001279
0.001251
0.000932
0.001194
0.001419
0.000981
0.001151
0.001691
0.001109
0.001226
0.001400
0.001436
0.001263
0.000822
0.001229
0.001144
0.001173
0.001717
0.002109
0.000904
0.001142
0.002078
0.001432
0.001286
0.001037
0.001142
0.001209
0.001078
0.001397
0.001597
0.001996
0.001051
0.001497
0.001091
0.001537
0.000901
0.001853
0.000980
0.001716
0.001575
0.001805
0.001229
0.001436
0.001148
0.001009
0.000929
0.000851
0.000937
0.001360
0.001381
0.000907
0.001631
0.001230
0.001380
0.001218
0.001360
0.000807
0.001212
0.001160
0.001193
0.001379
0.001449
0.001459
0.001137
0.001001
0.001025
0.000919
0.002199
0.001148
0.001242
0.001054
0.001752
0.001602
0.001149
0.001029
0.001220
0.001384
0.001753
0.001616
0.001698
0.001122
0.000854
0.001516
0.001549
0.001798
0.000912
0.000997
0.000998
0.001749
0.000939
0.001098
0.001543
0.000936
0.001198
0.001104
0.001278
0.001404
0.001069
0.000873
0.001694
0.001111
0.001356
0.000888
0.001553
0.001774
0.001162
0.001474
0.001560
0.001253
0.001860
0.001644
0.001304
0.000889
0.000919
0.000810
0.001073
0.000989
0.000996
0.001179
0.001288
0.000745
0.001134
0.001048
0.000837
0.001140
0.001740
0.000999
0.000952
0.001006
0.000886
0.000846
0.002277
0.001139
0.001459
0.000888
0.000887
0.001721
0.000810
0.000842
0.001141
0.001067
0.001015
0.001823
0.002008
0.002022
0.001987
0.000979
0.001947
0.001058
0.001051
0.001269
0.001490
0.001966
0.001666
0.002539
0.001481
0.002482
0.001445
0.001816
0.001479
0.000799
0.001174
0.000987
0.001452
0.001798
0.001457
0.001036
0.001794
0.000971
0.001030
0.000962
0.001919
0.001314
0.000915
0.001936
0.002005
0.001915
0.000968
0.001392
0.002099
0.002226
0.001810
0.001471
0.001004
0.000936
0.001284
0.001695
0.001966
0.001696
0.002164
0.001079
0.001848
0.001159
0.000963
0.001726
0.001688
0.001024
0.001134
0.001614
0.001682
0.002127
0.001552
0.001173
0.002140
0.000888
0.001810
0.001322
0.000945
0.001831
0.001467
0.001802
0.002179
0.001257
0.001773
0.001589
0.002145
0.002074
0.001081
0.000976
0.001788
0.001153
0.001486
0.001098
0.001044
0.001966
0.001996
0.001799
0.000840
0.000994
0.000905
0.001833
0.001235
0.002085
0.000807
0.002291
0.001371
0.000885
0.000828
0.001959
